import numpy as np
from kilosort.io import save_probe

chanMap = np.arange(126)
kcoords = np.zeros(126)
n_chan = 126

xc = np.array([22, 5.5, 22, 5.5, 22, 5.5, 22, 5.5, 22, 5.5, 22, 5.5, 22, 5.5, 22, \
130.5, 147, 130.5, 147, 130.5, 147, 130.5, 147, 130.5, 147, 130.5, 147, 130.5, 147, 130.5, 147, \
272, 255.5, 272, 255.5, 272, 255.5, 272, 255.5, 272, 255.5, 272, 255.5, 272, 255.5, 272, \
380.5, 397, 380.5, 397, 380.5, 397, 380.5, 397, 380.5, 397, 380.5, 397, 380.5, 397, 380.5, 397, \
505.5, 522, 505.5, 522, 505.5, 522, 505.5, 522, 505.5, 522, 505.5, 522, 505.5, 522, 505.5, 522, \
630.5, 647, 630.5, 647, 630.5, 647, 630.5, 647, 630.5, 647, 630.5, 647, 630.5, 647, 630.5, 647, \
755.5, 772, 755.5, 772, 755.5, 772, 755.5, 772, 755.5, 772, 755.5, 772, 755.5, 772, 755.5, 772, \
880.5, 897, 880.5, 897, 880.5, 897, 880.5, 897, 880.5, 897, 880.5, 897, 880.5, 897, 880.5, 897])

yc  = np.array([22.5, 37.5, 52.5, 67.5, 82.5, 97.5, 112.5, 127.5, 142.5, 157.5, 172.5, 187.5, 202.5, 217.5, 232.5, \
7.5, 22.5, 37.5, 52.5, 67.5, 82.5, 97.5, 112.5, 127.5, 142.5, 157.5, 172.5, 187.5, 202.5, 217.5, 232.5, \
22.5, 37.5, 52.5, 67.5, 82.5, 97.5, 112.5, 127.5, 142.5, 157.5, 172.5, 187.5, 202.5, 217.5, 232.5, \
7.5, 22.5, 37.5, 52.5, 67.5, 82.5, 97.5, 112.5, 127.5, 142.5, 157.5, 172.5, 187.5, 202.5, 217.5, 232.5, \
7.5, 22.5, 37.5, 52.5, 67.5, 82.5, 97.5, 112.5, 127.5, 142.5, 157.5, 172.5, 187.5, 202.5, 217.5, 232.5, \
7.5, 22.5, 37.5, 52.5, 67.5, 82.5, 97.5, 112.5, 127.5, 142.5, 157.5, 172.5, 187.5, 202.5, 217.5, 232.5, \
7.5, 22.5, 37.5, 52.5, 67.5, 82.5, 97.5, 112.5, 127.5, 142.5, 157.5, 172.5, 187.5, 202.5, 217.5, 232.5, \
7.5, 22.5, 37.5, 52.5, 67.5, 82.5, 97.5, 112.5, 127.5, 142.5, 157.5, 172.5, 187.5, 202.5, 217.5, 232.5])


probe = {
    'chanMap': chanMap,
    'xc': xc,
    'yc': yc,
    'kcoords': kcoords,
    'n_chan': n_chan
}
print(probe)
save_probe(probe, 'probe_s51.json')
